num_valid_az   	= 13740 
nrows   		= 13740 
first_line   		= 1 
deskew   		= n 
caltone   		= 0.000000 
st_rng_bin   		= 1 
Flip_iq   		= n 
offset_video   	= n 
az_res   		= 0.000000 
nlooks   		= 1 
chirp_ext   		= 0 
scnd_rng_mig   	= 0 
rng_spec_wgt   	= 1.000000 
rm_rng_band   		= 0.200000 
rm_az_band   		= 0.000000 
rshift  		= 0 
ashift  	 	= 0 
stretch_r   		= 0 
stretch_a   		= 0 
a_stretch_r   	= 0 
a_stretch_a   	= 0 
first_sample   	= 1 
SC_identity   		= 10 
rng_samp_rate   	= 120000000.000000 
input_file		= 20240217_TEST.raw 
num_rng_bins		= 13116 
bytes_per_line		= 52464 
good_bytes_per_line	= 52464 
PRF			= 4035.512510 
pulse_dur		= 0.000000e+00 
near_range		= 637298.948269 
num_lines		= 13740 
num_patches		= 1 
SC_clock_start		= 2024047.1272646955 
SC_clock_stop		= 2024047.1273041025 
clock_start		=  47.127264695579 
clock_stop			=  47.127304102662 
led_file		= 20240217_TEST.LED 
orbdir	= D 
lookdir	= R 
radar_wavelength	= 0.0555171 
chirp_slope	= 0 
rng_samp_rate		= 120000000.000000 
I_mean			= 1 
Q_mean			= 1 
equatorial_radius	= 6378137.000000 
polar_radius		= 6356752.310000 
fdd1			= 0.000000 
fddd1			= 0.000000 
sub_int_r               = 0.000000 
sub_int_a               = 0.000000 
SLC_file               = 20240217_TEST.SLC 
dtype			= a 
SLC_scale               = 1.000000 
